#!/usr/bin/env python3
# -*- coding: utf-8 -*-
# Author: Gustavo R. Anjos
# Email: gustavo.rabello@coppe.ufrj.br
# Date: 2025-03-01
# File: clElement.py

"""
Description:
"""

import numpy as np
from multiprocessing import get_context
from functools import partial
from tqdm import tqdm
from colorama import init, Fore, Style
import sys

# This class is aimed to transform coordinates in 1D.
#
# The gaussian points are used to compute the point jacobian (area
# associated to the transformation) and can be further used in
# isoparametric elements with curved boundary.
#
# The kxx,kyy,mass,gx,gy,dx and dy element matrices are computed based on
# the chosen element: triangle or quadrilateral.
#
#        ---o----o--->
#                    xi
#
class Element1D:
 def __init__(_self,_X,_Y):

  _self.X = _X
  _self.Y = _Y

  _self.length  = 0.0
  _self.jacob   = 0.0

  _self.local_t = 0.0 # computing time
  _self.jacob_t = 0.0
  _self.dphi_t  = 0.0
  _self.mat_t   = 0.0

 def getMatrices(_self,v):
  # convert to referential coordinates (xi)
  xi = []
  #        X                       xi
  # o--------------o  --->  o--------------o
  # |------h-------|        |------h1------|
  if len(v) == 2:
   h1 = np.sqrt( ((_self.X[v[0]]-_self.X[v[1]])**2) + \
                 ((_self.Y[v[0]]-_self.Y[v[1]])**2) )
   xi = [0.0,h1]
  #        X                       xi
  #      o
  #     / \
  # h1 /   \ h2
  #   /     \
  #  /       \
  # o         o  --->  o-------------o-------------o
  # |----h----|        |------h1-----|------h2-----|
  if len(v) == 3:
   h1 = np.sqrt( ((_self.X[v[0]]-_self.X[v[1]])**2) + \
                 ((_self.Y[v[0]]-_self.Y[v[1]])**2) )
   h2 = np.sqrt( ((_self.X[v[1]]-_self.X[v[2]])**2) + \
                 ((_self.Y[v[1]]-_self.Y[v[2]])**2) )
   xi = [0.0,h1,h1+h2]

  _self.localx = np.zeros((_self.NUMRULE), dtype='float')
  for k in range(0,_self.NUMRULE):
   for i in range(0,_self.NUMGLEU):
    _self.localx[k] += xi[i] * _self.phiJ[k][i]

  dxdxi = np.zeros((_self.NUMRULE),dtype='float')
  _self.jacob = np.zeros((_self.NUMRULE,1),dtype='float')
  for k in range(0,_self.NUMRULE):
   for i in range(0,_self.NUMGLEU):
    dxdxi[k]  +=  xi[i] * _self.dphiJdxi[k][i]
   # compute jacobian
   _self.jacob[k] = dxdxi[k]

  dphiJdx = np.zeros((_self.NUMRULE,_self.NUMGLEU), dtype='float')
  for k in range(0,_self.NUMRULE):
   for i in range(0,_self.NUMGLEU):
    dphiJdx[k][i] = _self.dphiJdxi[k][i]/_self.jacob[k];

  _self.mass = np.dot(    _self.phiJ.T,_self.phiJ*abs(_self.jacob)*_self.gqWeights)
  _self.kxx  = np.dot(       dphiJdx.T,   dphiJdx*abs(_self.jacob)*_self.gqWeights)
  _self.gvx  = np.dot(    _self.phiJ.T,   dphiJdx*abs(_self.jacob)*_self.gqWeights)
  _self.gx   = np.dot(       dphiJdx.T,_self.gqPoints*abs(_self.jacob)*_self.gqWeights)

   # compute area
  _self.length = (_self.jacob*_self.gqWeights).sum()
  _self.xc = _self.localx.sum()/_self.NUMRULE

# This class is aimed to transform coordinates in 2D. This applies to
# triangles and quadrilaterals in the same way.
#
# The gaussian points are used to compute the point jacobian (area
# associated to the transformation) and can be further used in
# isoparametric elements with curved boundary.
#
# The kxx,kyy,mass,gx,gy,dx and dy element matrices are computed based on
# the chosen element: triangle or quadrilateral.
#
#                                   ^
#      eta ^                   eta  |
#          |                    o-------o
#          o                    |       |
#          |`.                  |       |--->
#          |  `.                |       |   xi
#        --o----o--->           o-------o
#                    xi
#
class Element2D:
 def __init__(_self,_X,_Y):

  _self.X = _X
  _self.Y = _Y

  _self.area    = 0.0
  _self.jacob   = 0.0

  _self.local_t = 0.0
  _self.jacob_t = 0.0
  _self.dphi_t  = 0.0
  _self.mat_t   = 0.0

 def getMatrices(_self,v):
  # compute the coordinate (x,y) of the gauss points in the mesh element
  # (from the referential to the mesh element), therefore localx,localy are
  # the coordinates of all gauss points (NUMRULE) in the mesh element.
  # Additionaly, NUMGLEU is used, i.e. the element is ISOPARAMETRIC since
  # its geometry and the interpolation of variables are in the same space
  # (NUMGLEU).
  _self.localx = np.zeros((_self.NUMRULE), dtype='float')
  _self.localy = np.zeros((_self.NUMRULE), dtype='float')
  for k in range(0,_self.NUMRULE):
   for i in range(0,_self.NUMGLEU):
    _self.localx[k] += _self.X[v[i]] * _self.phiJ[k][i]
    _self.localy[k] += _self.Y[v[i]] * _self.phiJ[k][i]

  # compute the derivatives (d/dxi, d/deta) at each gauss point from the
  # referential element to the mesh elements, therefore
  # dxdxi,dxdeta,dydxi,dydeta are the derivatives of all gauss points
  # (NUMRULE) in the mesh element
  dxdxi = np.zeros((_self.NUMRULE),dtype='float')
  dxdeta = np.zeros((_self.NUMRULE),dtype='float')
  dydxi = np.zeros((_self.NUMRULE),dtype='float')
  dydeta = np.zeros((_self.NUMRULE),dtype='float')
  _self.jacob = np.zeros((_self.NUMRULE,1),dtype='float')
  for k in range(0,_self.NUMRULE):
   for i in range(0,_self.NUMGLEU):
    dxdxi[k]  +=  _self.X[v[i]] * _self.dphiJdxi[k][i]
    dxdeta[k] +=  _self.X[v[i]] * _self.dphiJdeta[k][i]
    dydxi[k]  +=  _self.Y[v[i]] * _self.dphiJdxi[k][i]
    dydeta[k] +=  _self.Y[v[i]] * _self.dphiJdeta[k][i]
   # compute det(jacobian) for J^-1
   _self.jacob[k] = dxdxi[k]*dydeta[k] - dxdeta[k]*dydxi[k]

  # compute dNi/dx, dNi/dy for all gauss points. This is done using the
  # chain rule as follows (consider Ni=phiJ):
  #
  # dNi/dxi  = (dNi/dx * dx/dxi)  + (dNi/dy * dy/dxi)
  # dNi/deta = (dNi/dx * dx/deta) + (dNi/dy * dy/deta)
  #
  # J = | dx/dxi  dy/dxi  |   Obs.: note here that J is usually written
  #     | dx/deta dy/deta |         transposed in math books.
  #
  # | dNi/dxi  | = J | dNi/dx |
  # | dNi/deta |     | dNi/dy |
  #
  # J^-1 = 1 / (detJ) * |  dy/deta -dy/dxi |
  #                     | -dx/deta  dx/dxi |
  #
  # detJ = (dx/dxi)*(dy/deta) - (dx/deta)*(dy/dxi)
  #
  # | dNi_dx | = J^-1 | dNi/dxi  |
  # | dNi_dy |        | dNi/deta |
  #
  # Obs.: dNi_dx = dphiJdx, dNi_dy = dphiJdy
  dphiJdx = np.zeros((_self.NUMRULE,_self.NUMGLEU), dtype='float')
  dphiJdy = np.zeros((_self.NUMRULE,_self.NUMGLEU), dtype='float')
  for k in range(0,_self.NUMRULE):
   for i in range(0,_self.NUMGLEU):
    dphiJdx[k][i] = ( _self.dphiJdxi[k][i]*dydeta[k]-_self.dphiJdeta[k][i]\
                  *dydxi[k] )/_self.jacob[k];
    dphiJdy[k][i] = ( -_self.dphiJdxi[k][i]*dxdeta[k]+_self.dphiJdeta[k][i]\
                  *dxdxi[k] )/_self.jacob[k];

  _self.mass = np.dot(    _self.phiJ.T,_self.phiJ*abs(_self.jacob)*_self.gqWeights)
  _self.kxx  = np.dot(       dphiJdx.T,   dphiJdx*abs(_self.jacob)*_self.gqWeights)
  _self.kyx  = np.dot(       dphiJdx.T,   dphiJdy*abs(_self.jacob)*_self.gqWeights)
  _self.kxy  = np.dot(       dphiJdy.T,   dphiJdx*abs(_self.jacob)*_self.gqWeights)
  _self.kyy  = np.dot(       dphiJdy.T,   dphiJdy*abs(_self.jacob)*_self.gqWeights)
  _self.gvx  = np.dot(    _self.phiJ.T,   dphiJdx*abs(_self.jacob)*_self.gqWeights)
  _self.gvy  = np.dot(    _self.phiJ.T,   dphiJdy*abs(_self.jacob)*_self.gqWeights)
  _self.gx   = np.dot(       dphiJdx.T,_self.gqPoints*abs(_self.jacob)*_self.gqWeights)
  _self.gy   = np.dot(       dphiJdy.T,_self.gqPoints*abs(_self.jacob)*_self.gqWeights)
  _self.dx   = np.dot(_self.gqPoints.T,       dphiJdx*abs(_self.jacob)*_self.gqWeights)
  _self.dy   = np.dot(_self.gqPoints.T,       dphiJdy*abs(_self.jacob)*_self.gqWeights)
  _self.dmass= np.dot(_self.gqPoints.T,    _self.phiJ*abs(_self.jacob)*_self.gqWeights)

   # compute area
  _self.area = (_self.jacob*_self.gqWeights).sum()
  _self.xc = _self.localx.sum()/_self.NUMRULE
  _self.yc = _self.localy.sum()/_self.NUMRULE

 def getMatricesProp(_self,v,mu,rho):
  # pontos de gauss em coordenada fisica
  _self.localx = np.zeros((_self.NUMRULE), dtype='float')
  _self.localy = np.zeros((_self.NUMRULE), dtype='float')
  for k in range(0,_self.NUMRULE):
   for i in range(0,_self.NUMGLEU):
    _self.localx[k] += _self.X[v[i]] * _self.phiJ[k][i]
    _self.localy[k] += _self.Y[v[i]] * _self.phiJ[k][i]

  # interpolacao de mu,rho
  _self.localmu = np.zeros((_self.NUMRULE), dtype='float')
  _self.localrho = np.zeros((_self.NUMRULE), dtype='float')
  for k in range(0,_self.NUMRULE):
   for i in range(0,_self.NUMGLEU):
    _self.localmu[k] += mu[v[i]] * _self.phiJ[k][i]
    _self.localrho[k] += rho[v[i]] * _self.phiJ[k][i]

  dxdxi = np.zeros((_self.NUMRULE),dtype='float')
  dxdeta = np.zeros((_self.NUMRULE),dtype='float')
  dydxi = np.zeros((_self.NUMRULE),dtype='float')
  dydeta = np.zeros((_self.NUMRULE),dtype='float')
  _self.jacob = np.zeros((_self.NUMRULE,1),dtype='float')
  for k in range(0,_self.NUMRULE):
   for i in range(0,_self.NUMGLEU):
    dxdxi[k]  +=  _self.X[v[i]] * _self.dphiJdxi[k][i]
    dxdeta[k] +=  _self.X[v[i]] * _self.dphiJdeta[k][i]
    dydxi[k]  +=  _self.Y[v[i]] * _self.dphiJdxi[k][i]
    dydeta[k] +=  _self.Y[v[i]] * _self.dphiJdeta[k][i]
   # compute det(jacobian)
   _self.jacob[k] = dxdxi[k]*dydeta[k] - dxdeta[k]*dydxi[k]

  dphiJdx = np.zeros((_self.NUMRULE,_self.NUMGLEU), dtype='float')
  dphiJdy = np.zeros((_self.NUMRULE,_self.NUMGLEU), dtype='float')
  for k in range(0,_self.NUMRULE):
   for i in range(0,_self.NUMGLEU):
    dphiJdx[k][i] = ( _self.dphiJdxi[k][i]*dydeta[k]-_self.dphiJdeta[k][i]\
                  *dydxi[k] )/_self.jacob[k];
    dphiJdy[k][i] = ( -_self.dphiJdxi[k][i]*dxdeta[k]+_self.dphiJdeta[k][i]\
                  *dxdxi[k] )/_self.jacob[k];

  _self.mass = np.dot(_self.phiJ.T,_self.phiJ*abs(_self.jacob)*_self.gqWeights)
  _self.kxx  = np.dot(       dphiJdx.T, dphiJdx*abs(_self.jacob)*_self.gqWeights)
  _self.kyx  = np.dot(       dphiJdx.T, dphiJdy*abs(_self.jacob)*_self.gqWeights)
  _self.kxy  = np.dot(       dphiJdy.T, dphiJdx*abs(_self.jacob)*_self.gqWeights)
  _self.kyy  = np.dot(       dphiJdy.T, dphiJdy*abs(_self.jacob)*_self.gqWeights)
  #_self.gvx  = np.dot(    _self.phiJ.T,   dphiJdx*abs(_self.jacob)*_self.gqWeights)
  #_self.gvy  = np.dot(    _self.phiJ.T,   dphiJdy*abs(_self.jacob)*_self.gqWeights)
  _self.gx   = np.dot(       dphiJdx.T,_self.gqPoints*abs(_self.jacob)*_self.gqWeights)
  _self.gy   = np.dot(       dphiJdy.T,_self.gqPoints*abs(_self.jacob)*_self.gqWeights)
  _self.dx   = np.dot(_self.gqPoints.T,       dphiJdx*abs(_self.jacob)*_self.gqWeights)
  _self.dy   = np.dot(_self.gqPoints.T,       dphiJdy*abs(_self.jacob)*_self.gqWeights)
  _self.dmass= np.dot(_self.gqPoints.T,    _self.phiJ*abs(_self.jacob)*_self.gqWeights)

   # compute area
  _self.area = (_self.jacob*_self.gqWeights).sum()
  _self.xc = _self.localx.sum()/_self.NUMRULE
  _self.yc = _self.localy.sum()/_self.NUMRULE

 def getMatricesSlip(_self,v):
  _self.getMatrices(v)

  # gqPoints
  localxlin = [0.0]*_self.NUMRULE
  localylin = [0.0]*_self.NUMRULE
  for k in range(0,_self.NUMRULE):
   for i in range(0,_self.NUMGLEP):
    localxlin[k] += _self.X[v[i]] * _self.gqPoints[k][i]
    localylin[k] += _self.Y[v[i]] * _self.gqPoints[k][i]

  dxdxilin = np.zeros((_self.NUMRULE),dtype='float')
  dxdetalin = np.zeros((_self.NUMRULE),dtype='float')
  dydxilin = np.zeros((_self.NUMRULE),dtype='float')
  dydetalin = np.zeros((_self.NUMRULE),dtype='float')
  for k in range(0,_self.NUMRULE):
   for i in range(0,_self.NUMGLEP):
    dxdxilin[k]  +=  _self.X[v[i]] * _self.dgqPointsdxi[k][i]
    dxdetalin[k] +=  _self.X[v[i]] * _self.dgqPointsdeta[k][i]
    dydxilin[k]  +=  _self.Y[v[i]] * _self.dgqPointsdxi[k][i]
    dydetalin[k] +=  _self.Y[v[i]] * _self.dgqPointsdeta[k][i]

  dgqPointsdx = np.zeros((_self.NUMRULE,_self.NUMGLEP), dtype='float')
  dgqPointsdy = np.zeros((_self.NUMRULE,_self.NUMGLEP), dtype='float')
  for k in range(0,_self.NUMRULE):
   for i in range(0,_self.NUMGLEP):
    dgqPointsdx[k][i] = ( _self.dgqPointsdxi[k][i]*dydetalin[k]-_self.dgqPointsdeta[k][i]\
                  *dydxilin[k] )/_self.jacob[k];
    dgqPointsdy[k][i] = (-_self.dgqPointsdxi[k][i]*dxdetalin[k]+_self.dgqPointsdeta[k][i]\
                  *dxdxilin[k] )/_self.jacob[k];

  # update gx,gy (slip)
  _self.gx   = np.dot(    _self.phiJ.T,dgqPointsdx*abs(_self.jacob)*_self.gqWeights)
  _self.gy   = np.dot(    _self.phiJ.T,dgqPointsdy*abs(_self.jacob)*_self.gqWeights)

# This class is aimed to transform coordinates in 3D. This applies to
# triangles and quadrilaterals in the same way.
#
# The gaussian points are used to compute the point jacobian (area
# associated to the transformation) and can be further used in
# isoparametric elements with curved boundary.
#
# The kxx,kyy,mass,gx,gy,dx and dy element matrices are computed based on
# the chosen element: tetrahedron or prismatic.
class Element3D:
 def __init__(_self,_X,_Y,_Z):

  _self.X = _X
  _self.Y = _Y
  _self.Z = _Z

  _self.volume  = 0.0
  _self.jacob   = 0.0

  _self.local_t = 0.0
  _self.jacob_t = 0.0
  _self.dphi_t  = 0.0
  _self.mat_t   = 0.0

 def getMatrices(_self,v):
  #_self.jacob =-( (_self.X[v[1]]-_self.X[v[0]])\
  #        *((_self.Y[v[2]]-_self.Y[v[0]])
  #         *(_self.Z[v[3]]-_self.Z[v[0]])\
  #         -(_self.Y[v[3]]-_self.Y[v[0]])\
  #         *(_self.Z[v[2]]-_self.Z[v[0]]))\
  #         -(_self.X[v[2]]-_self.X[v[0]])
  #         *((_self.Y[v[1]]-_self.Y[v[0]])\
  #         *(_self.Z[v[3]]-_self.Z[v[0]])
  #         -(_self.Y[v[3]]-_self.Y[v[0]])\
  #         *(_self.Z[v[1]]-_self.Z[v[0]]))\
  #         +(_self.X[v[3]]-_self.X[v[0]])\
  #         *((_self.Y[v[1]]-_self.Y[v[0]])
  #         *(_self.Z[v[2]]-_self.Z[v[0]])\
  #         -(_self.Y[v[2]]-_self.Y[v[0]])\
  #         *(_self.Z[v[1]]-_self.Z[v[0]])) )

  localx = np.zeros((_self.NUMRULE), dtype='float')
  localy = np.zeros((_self.NUMRULE), dtype='float')
  localz = np.zeros((_self.NUMRULE), dtype='float')
  for k in range(0,_self.NUMRULE):
   for i in range(0,_self.NUMGLEU):
    localx[k] += _self.X[v[i]] * _self.phiJ[k][i]
    localy[k] += _self.Y[v[i]] * _self.phiJ[k][i]
    localz[k] += _self.Z[v[i]] * _self.phiJ[k][i]

  dxdxi = np.zeros((_self.NUMRULE), dtype='float')
  dxdeta = np.zeros((_self.NUMRULE), dtype='float')
  dxdzeta = np.zeros((_self.NUMRULE), dtype='float')
  dydxi = np.zeros((_self.NUMRULE), dtype='float')
  dydeta = np.zeros((_self.NUMRULE), dtype='float')
  dydzeta = np.zeros((_self.NUMRULE), dtype='float')
  dzdxi = np.zeros((_self.NUMRULE), dtype='float')
  dzdeta = np.zeros((_self.NUMRULE), dtype='float')
  dzdzeta = np.zeros((_self.NUMRULE), dtype='float')
  _self.jacob = np.zeros((_self.NUMRULE,1),dtype='float')
  for k in range(0,_self.NUMRULE):
   for i in range(0,_self.NUMGLEU):
    dxdxi[k]   += _self.X[v[i]]*_self.dphiJdxi[k][i]
    dxdeta[k]  += _self.X[v[i]]*_self.dphiJdeta[k][i]
    dxdzeta[k] += _self.X[v[i]]*_self.dphiJdzeta[k][i]
    dydxi[k]   += _self.Y[v[i]]*_self.dphiJdxi[k][i]
    dydeta[k]  += _self.Y[v[i]]*_self.dphiJdeta[k][i]
    dydzeta[k] += _self.Y[v[i]]*_self.dphiJdzeta[k][i]
    dzdxi[k]   += _self.Z[v[i]]*_self.dphiJdxi[k][i]
    dzdeta[k]  += _self.Z[v[i]]*_self.dphiJdeta[k][i]
    dzdzeta[k] += _self.Z[v[i]]*_self.dphiJdzeta[k][i]
   # compute det(jacobian)
   _self.jacob[k] =  +dxdxi[k]*dydeta[k]*dzdzeta[k] \
                     +dydxi[k]*dzdeta[k]*dxdzeta[k] \
                     +dzdxi[k]*dxdeta[k]*dydzeta[k] \
                     -dydxi[k]*dxdeta[k]*dzdzeta[k] \
                     -dxdxi[k]*dzdeta[k]*dydzeta[k] \
                     -dzdxi[k]*dydeta[k]*dxdzeta[k]

  dphiJdx = np.zeros((_self.NUMRULE,_self.NUMGLEU), dtype='float')
  dphiJdy = np.zeros((_self.NUMRULE,_self.NUMGLEU), dtype='float')
  dphiJdz = np.zeros((_self.NUMRULE,_self.NUMGLEU), dtype='float')
  for k in range(0,_self.NUMRULE):
   for i in range(0,_self.NUMGLEU):
    dphiJdx[k][i] = ( _self.dphiJdxi[k][i]\
                      *(dydeta[k]*dzdzeta[k]-dydzeta[k]*dzdeta[k]) -\
                      _self.dphiJdeta[k][i]\
                      *(dydxi[k]*dzdzeta[k]-dydzeta[k]*dzdxi[k]) +\
                      _self.dphiJdzeta[k][i]\
                      *(dydxi[k]*dzdeta[k]-dydeta[k]*dzdxi[k]))/_self.jacob[k]

    dphiJdy[k][i] = ( _self.dphiJdxi[k][i]\
                      *(dzdeta[k]*dxdzeta[k]-dzdzeta[k]*dxdeta[k]) -\
                      _self.dphiJdeta[k][i]\
                      *(dzdxi[k]*dxdzeta[k]-dzdzeta[k]*dxdxi[k]) +\
                      _self.dphiJdzeta[k][i]\
                      *(dzdxi[k]*dxdeta[k]-dzdeta[k]*dxdxi[k]))/_self.jacob[k]

    dphiJdz[k][i] = ( _self.dphiJdxi[k][i]\
                      *(dxdeta[k]*dydzeta[k]-dxdzeta[k]*dydeta[k]) -\
                      _self.dphiJdeta[k][i]\
                      *(dxdxi[k]*dydzeta[k]-dxdzeta[k]*dydxi[k]) +\
                     _self.dphiJdzeta[k][i]\
                     *(dxdxi[k]*dydeta[k]-dxdeta[k]*dydxi[k]))/_self.jacob[k]

  _self.mass = np.dot(    _self.phiJ.T,_self.phiJ*abs(_self.jacob)*_self.gqWeights)
  _self.kxx  = np.dot(       dphiJdx.T,   dphiJdx*abs(_self.jacob)*_self.gqWeights)
  _self.kxy  = np.dot(       dphiJdx.T,   dphiJdy*abs(_self.jacob)*_self.gqWeights)
  _self.kxz  = np.dot(       dphiJdx.T,   dphiJdz*abs(_self.jacob)*_self.gqWeights)
  _self.kyx  = np.dot(       dphiJdy.T,   dphiJdx*abs(_self.jacob)*_self.gqWeights)
  _self.kyy  = np.dot(       dphiJdy.T,   dphiJdy*abs(_self.jacob)*_self.gqWeights)
  _self.kyz  = np.dot(       dphiJdy.T,   dphiJdz*abs(_self.jacob)*_self.gqWeights)
  _self.kzx  = np.dot(       dphiJdz.T,   dphiJdx*abs(_self.jacob)*_self.gqWeights)
  _self.kzy  = np.dot(       dphiJdz.T,   dphiJdy*abs(_self.jacob)*_self.gqWeights)
  _self.kzz  = np.dot(       dphiJdz.T,   dphiJdz*abs(_self.jacob)*_self.gqWeights)
  #_self.gvx  = np.dot(    _self.phiJ.T,   dphiJdx*abs(_self.jacob)*_self.gqWeights)
  #_self.gvy  = np.dot(    _self.phiJ.T,   dphiJdy*abs(_self.jacob)*_self.gqWeights)
  #_self.gvz  = np.dot(    _self.phiJ.T,   dphiJdz*abs(_self.jacob)*_self.gqWeights)
  _self.gx   = np.dot(       dphiJdx.T,_self.gqPoints*abs(_self.jacob)*_self.gqWeights)
  _self.gy   = np.dot(       dphiJdy.T,_self.gqPoints*abs(_self.jacob)*_self.gqWeights)
  _self.gz   = np.dot(       dphiJdz.T,_self.gqPoints*abs(_self.jacob)*_self.gqWeights)
  _self.dx   = np.dot(_self.gqPoints.T,       dphiJdx*abs(_self.jacob)*_self.gqWeights)
  _self.dy   = np.dot(_self.gqPoints.T,       dphiJdy*abs(_self.jacob)*_self.gqWeights)
  _self.dz   = np.dot(_self.gqPoints.T,       dphiJdz*abs(_self.jacob)*_self.gqWeights)

 def getMatricesSlip(_self,v):
  _self.getMatrices(v)

  # gqPoints
  localxlin = [0.0]*_self.NUMRULE
  localylin = [0.0]*_self.NUMRULE
  localzlin = [0.0]*_self.NUMRULE
  for k in range(0,_self.NUMRULE):
   for i in range(0,_self.NUMGLEP):
    localxlin[k] += _self.X[v[i]] * _self.gqPoints[k][i]
    localylin[k] += _self.Y[v[i]] * _self.gqPoints[k][i]
    localzlin[k] += _self.Z[v[i]] * _self.gqPoints[k][i]

  dxdxilin = np.zeros((_self.NUMRULE),dtype='float')
  dxdetalin = np.zeros((_self.NUMRULE),dtype='float')
  dxdzetalin = np.zeros((_self.NUMRULE),dtype='float')
  dydxilin = np.zeros((_self.NUMRULE),dtype='float')
  dydetalin = np.zeros((_self.NUMRULE),dtype='float')
  dydzetalin = np.zeros((_self.NUMRULE),dtype='float')
  dzdxilin = np.zeros((_self.NUMRULE),dtype='float')
  dzdetalin = np.zeros((_self.NUMRULE),dtype='float')
  dzdzetalin = np.zeros((_self.NUMRULE),dtype='float')
  for k in range(0,_self.NUMRULE):
   for i in range(0,_self.NUMGLEP):
    dxdxilin[k]   +=  _self.X[v[i]] * _self.dgqPointsdxi[k][i]
    dxdetalin[k]  +=  _self.X[v[i]] * _self.dgqPointsdeta[k][i]
    dxdzetalin[k] +=  _self.X[v[i]] * _self.dgqPointsdzeta[k][i]
    dydxilin[k]   +=  _self.Y[v[i]] * _self.dgqPointsdxi[k][i]
    dydetalin[k]  +=  _self.Y[v[i]] * _self.dgqPointsdeta[k][i]
    dydzetalin[k] +=  _self.Y[v[i]] * _self.dgqPointsdzeta[k][i]
    dzdxilin[k]   +=  _self.Z[v[i]] * _self.dgqPointsdxi[k][i]
    dzdetalin[k]  +=  _self.Z[v[i]] * _self.dgqPointsdeta[k][i]
    dzdzetalin[k] +=  _self.Z[v[i]] * _self.dgqPointsdzeta[k][i]

  dgqPointsdx = np.zeros((_self.NUMRULE,_self.NUMGLEP), dtype='float')
  dgqPointsdy = np.zeros((_self.NUMRULE,_self.NUMGLEP), dtype='float')
  dgqPointsdz = np.zeros((_self.NUMRULE,_self.NUMGLEP), dtype='float')
  for k in range(0,_self.NUMRULE):
   for i in range(0,_self.NUMGLEP):
    dgqPointsdx[k][i] = (_self.dgqPointsdxi[k][i]*(dydetalin[k]*dzdzetalin[k]-\
                         dydzetalin[k]*dzdetalin[k])-_self.dgqPointsdeta[k][i]*\
                        (dydxilin[k]*dzdzetalin[k]-dydzetalin[k]*dzdxilin[k])+\
                         _self.dgqPointsdzeta[k][i]*(dydxilin[k]*dzdetalin[k]-\
                         dydetalin[k]*dzdxilin[k]))/_self.jacob[k]
    dgqPointsdy[k][i] = (_self.dgqPointsdxi[k][i]*(dzdetalin[k]*dxdzetalin[k]-\
                         dzdzetalin[k]*dxdetalin[k])-_self.dgqPointsdeta[k][i]*\
                        (dzdxilin[k]*dxdzetalin[k]-dzdzetalin[k]*dxdxilin[k])+\
                         _self.dgqPointsdzeta[k][i]*(dzdxilin[k]*dxdetalin[k]-\
                         dzdetalin[k]*dxdxilin[k]))/_self.jacob[k]
    dgqPointsdz[k][i] = (_self.dgqPointsdxi[k][i]*(dxdetalin[k]*dydzetalin[k]-\
                         dxdzetalin[k]*dydetalin[k])-_self.dgqPointsdeta[k][i]*\
                        (dxdxilin[k]*dydzetalin[k]-dxdzetalin[k]*dydxilin[k])+\
                         _self.dgqPointsdzeta[k][i]*(dxdxilin[k]*dydetalin[k]-\
                         dxdetalin[k]*dydxilin[k]))/_self.jacob[k]

  # update gx,gy (slip)
  _self.gx   = np.dot(    _self.phiJ.T,dgqPointsdx*abs(_self.jacob)*_self.gqWeights)
  _self.gy   = np.dot(    _self.phiJ.T,dgqPointsdy*abs(_self.jacob)*_self.gqWeights)
  _self.gz   = np.dot(    _self.phiJ.T,dgqPointsdz*abs(_self.jacob)*_self.gqWeights)

# This class sets the Gaussian points to the following line elements:
#
#   - lin2  (linear)
#   - lin3  (quadratic)
#
class Line(Element1D):
 def __init__(_self,_X,_Y,_NUMGLEU,_NUMGLEP,_NUMRULE):
  super().__init__(_X,_Y)

  _self.NUMRULE = _NUMRULE
  _self.NUMGLEU = _NUMGLEU
  _self.NUMGLEP = _NUMGLEP

  if _self.NUMGLEU == 2:
   _self.lin2()
  else:
   _self.lin3()

 def lin2(_self):
  # L1 e L2 de todos os pontos de Gauss
  _self.gqPoints =np.array( [ [0.78867513, 0.21132487],
                              [0.21132487, 0.78867513] ] )

  _self.gqWeights =np.array( [ [1],
                               [1] ] )

  _self.phiJ = np.array( [ [0.78867513, 0.21132487],
                           [0.21132487, 0.78867513] ] )

  _self.dphiJdxi = np.array( [ [-0.5, 0.5],
                               [-0.5, 0.5] ] )

 def lin3(_self):
  # L1 e L2 de todos os pontos de Gauss
  _self.gqPoints = np.array( [ [0.93056816, 0.06943184],
                               [0.66999052, 0.33000948],
                               [0.33000948, 0.66999052],
                               [0.06943184, 0.93056816] ] )

  _self.gqWeights = np.array( [ [0.3478548451],
                                [0.6521451549],
                                [0.6521451549],
                                [0.3478548451] ] )

  _self.phiJ = np.array( [ [ 0.80134603,  0.25844425, -0.05979028],
                           [ 0.22778408,  0.88441289, -0.11219697],
                           [-0.11219697,  0.88441289,  0.22778408],
                           [-0.05979028,  0.25844425,  0.80134603]] )

  _self.dphiJdxi = np.array( [ [-1.36113631,  1.72227262, -0.36113631],
                               [-0.83998104,  0.67996209,  0.16001896],
                               [-0.16001896, -0.67996209,  0.83998104],
                               [ 0.36113631, -1.72227262,  1.36113631]] )


# This class sets the Gaussian points to the following triangle elements:
#
#   - tri3  (linear)
#   - tri4  (mini)
#   - tri6  (quadratic)
#   - tri7  (quadratic+bubble)
#   - tri10 (cubic)
#
class Triangle(Element2D):
 def __init__(_self,_X,_Y,_NUMGLEU,_NUMGLEP,_NUMRULE):
  super().__init__(_X,_Y)

  _self.NUMRULE = _NUMRULE
  _self.NUMGLEU = _NUMGLEU
  _self.NUMGLEP = _NUMGLEP

  if _self.NUMGLEU == 3:
   _self.tri3()
  elif _self.NUMGLEU == 4:
   _self.tri4()
  elif _self.NUMGLEU == 6:
   _self.tri6()
  elif _self.NUMGLEU == 7:
   _self.tri7()
  else:
   _self.tri10()

 def tri3(_self):
  # tri6, tri7 e tri10 estao baseados nessa organizacao dos pontos de Gauss
  # L1, L2 e L3 de todos os pontos de Gauss
  _self.gqPoints=np.array([ [0.249286745171, 0.249286745171, 0.501426509658 ],
                            [0.249286745171, 0.501426509658, 0.249286745171 ],
                            [0.501426509658, 0.249286745171, 0.249286745171 ],
                            [0.063089014492, 0.063089014492, 0.873821971017 ],
                            [0.063089014492, 0.873821971017, 0.063089014491 ],
                            [0.873821971017, 0.063089014492, 0.063089014491 ],
                            [0.310352451034, 0.636502499121, 0.053145049845 ],
                            [0.636502499121, 0.053145049845, 0.310352451034 ],
                            [0.053145049845, 0.310352451034, 0.636502499121 ],
                            [0.636502499121, 0.310352451034, 0.053145049845 ],
                            [0.310352451034, 0.053145049845, 0.636502499121 ],
                            [0.053145049845, 0.636502499121, 0.310352451034 ] ])

  _self.gqWeights = np.array([ [0.116786275726],
                               [0.116786275726],
                               [0.116786275726],
                               [0.050844906370],
                               [0.050844906370],
                               [0.050844906370],
                               [0.082851075618],
                               [0.082851075618],
                               [0.082851075618],
                               [0.082851075618],
                               [0.082851075618],
                               [0.082851075618] ])

  # Essa organizacao dos pontos de Gauss esta no codigo femSIM2d em C++ e
  # NAO esta de acordo com as implementacoes do tri6, tri7 e tri10 deste
  # arquivo
#--------------------------------------------------
#   _self.gqPoints=np.array([ [0.873821971016996, 0.063089014491502, 0.063089014491502],
#                             [0.063089014491502, 0.873821971016996, 0.063089014491502],
#                             [0.063089014491502, 0.063089014491502, 0.873821971016996],
#                             [0.501426509658179, 0.249286745170910, 0.249286745170911],
#                             [0.249286745170910, 0.501426509658179, 0.249286745170911],
#                             [0.249286745170910, 0.249286745170910, 0.50142650965818 ],
#                             [0.636502499121399, 0.310352451033785, 0.053145049844816],
#                             [0.636502499121399, 0.053145049844816, 0.310352451033785],
#                             [0.310352451033785, 0.636502499121399, 0.053145049844816],
#                             [0.310352451033785, 0.053145049844816, 0.636502499121399],
#                             [0.053145049844816, 0.636502499121399, 0.310352451033785],
#                             [0.053145049844816, 0.310352451033785, 0.636502499121399] ])
#
#   _self.gqWeights = np.array([ [0.050844906370207],
#                                [0.050844906370207],
#                                [0.050844906370207],
#                                [0.116786275726379],
#                                [0.116786275726379],
#                                [0.116786275726379],
#                                [0.082851075618374],
#                                [0.082851075618374],
#                                [0.082851075618374],
#                                [0.082851075618374],
#                                [0.082851075618374],
#                                [0.082851075618374] ])
#--------------------------------------------------

  # N1, N2 e N3
  _self.phiJ = np.array(_self.gqPoints)

  # dL1/dL1, dL2/dL1 e dL3/dL1
  _self.dgqPointsdxi = np.array([ [1, 0, -1],
                                  [1, 0, -1],
                                  [1, 0, -1],
                                  [1, 0, -1],
                                  [1, 0, -1],
                                  [1, 0, -1],
                                  [1, 0, -1],
                                  [1, 0, -1],
                                  [1, 0, -1],
                                  [1, 0, -1],
                                  [1, 0, -1],
                                  [1, 0, -1] ])

  # dL1/dL2, dL2/dL2 e dL3/dL2
  _self.dgqPointsdeta = np.array([ [0, 1, -1],
                                   [0, 1, -1],
                                   [0, 1, -1],
                                   [0, 1, -1],
                                   [0, 1, -1],
                                   [0, 1, -1],
                                   [0, 1, -1],
                                   [0, 1, -1],
                                   [0, 1, -1],
                                   [0, 1, -1],
                                   [0, 1, -1],
                                   [0, 1, -1] ])

  _self.dphiJdxi = np.array(_self.dgqPointsdxi)
  _self.dphiJdeta = np.array(_self.dgqPointsdeta)

 def tri4(_self):
  _self.tri3()

  # tri6, tri7 e tri10 estao baseados nessa organizacao das matrizes
  # N1, N2 N3 e N4 de todos os pontos de Gauss
  _self.phiJ = np.array([
[-0.031158560381739114,-0.031158560381739114,0.2209812041055309,0.8413359166579473],
[-0.031158560381739614,0.2209812041055294,-0.031158560381738643,0.8413359166579488],
[0.2209812041055294,-0.031158560381739614,-0.031158560381738643,0.8413359166579488],
[0.03178695183454089,0.03178695183454089,0.8425199083600349,0.09390618797088336],
[0.031786951834540916,0.8425199083600349,0.03178695183454086,0.09390618797088328],
[0.8425199083600349,0.031786951834540916,0.03178695183454086,0.09390618797088328],
[0.21586793977235394,0.5420179878599679,-0.041339461416615014,0.2834535337842932],
[0.542017987859968,-0.041339461416614966,0.21586793977235397,0.2834535337842929],
[-0.04133946141661498,0.21586793977235402,0.542017987859968,0.28345353378429294],
[0.5420179878599679,0.21586793977235394,-0.041339461416615014,0.28345353378429317],
[0.21586793977235402,-0.04133946141661498,0.542017987859968,0.283453533784293],
[-0.041339461416614966,0.542017987859968,0.21586793977235397,0.2834535337842929],
])

  _self.dphiJdxi = np.array([
[0.43430408904527806,-0.5656959109547219,-1.565695910954722,1.697087732864166],
[0.999999999999996,-3.9968028886505635e-15,-1.000000000000004,1.199040866595169e-14],
[1.5656959109547177,0.5656959109547177,-0.4343040890452823,-1.6970877328641532],
[0.5396649108132237,-0.46033508918677635,-1.4603350891867763,1.381005267560329],
[1.0,0.0,-1.0,0.0],
[1.4603350891867763,0.46033508918677646,-0.5396649108132235,-1.3810052675603293],
[2.4734183828436915,1.4734183828436915,0.47341838284369153,-4.420255148531075],
[1.1559993450625485,0.1559993450625485,-0.8440006549374515,-0.4679980351876455],
[-0.6294177279062401,-1.62941772790624,-2.6294177279062403,4.88825318371872],
[2.6294177279062403,1.62941772790624,0.6294177279062401,-4.88825318371872],
[0.8440006549374516,-0.15599934506254845,-1.1559993450625485,0.4679980351876453],
[-0.47341838284369153,-1.4734183828436915,-2.4734183828436915,4.420255148531075],
])


  _self.dphiJdeta = np.array([
[-0.5656959109547218,0.4343040890452782,-1.5656959109547217,1.6970877328641656],
[0.5656959109547178,1.5656959109547177,-0.43430408904528217,-1.6970877328641536],
[-4.246603069191224e-15,0.9999999999999958,-1.0000000000000042,1.2739809207573671e-14],
[-0.46033508918677635,0.5396649108132237,-1.4603350891867763,1.381005267560329],
[0.46033508918677646,1.4603350891867763,-0.5396649108132235,-1.3810052675603293],
[3.7470027081099033e-16,1.0000000000000004,-0.9999999999999997,-1.124100812432971e-15],
[1.62941772790624,2.6294177279062403,0.6294177279062401,-4.88825318371872],
[-1.4734183828436915,-0.47341838284369153,-2.4734183828436915,4.420255148531075],
[-0.15599934506254848,0.8440006549374515,-1.1559993450625485,0.46799803518764543],
[1.4734183828436915,2.4734183828436915,0.47341838284369153,-4.420255148531075],
[-1.62941772790624,-0.6294177279062401,-2.6294177279062403,4.88825318371872],
[0.15599934506254848,1.1559993450625485,-0.8440006549374515,-0.46799803518764543],
])

  # Essa organizacao das matrizes esta no codigo femSIM2d em C++ e
  # NAO esta de acordo com as implementacoes do tri6, tri7 e tri10 deste
  # arquivo
#--------------------------------------------------
#   _self.phiJ = np.array([
# [0.8425199083600349,0.031786951834540916,0.03178695183454086,0.09390618797088328],
# [0.031786951834540916,0.8425199083600349,0.03178695183454086,0.09390618797088328],
# [0.03178695183454089,0.03178695183454089,0.8425199083600349,0.09390618797088336],
# [0.2209812041055294,-0.031158560381739614,-0.031158560381738643,0.8413359166579488],
# [-0.031158560381739614,0.2209812041055294,-0.031158560381738643,0.8413359166579488],
# [-0.031158560381739114,-0.031158560381739114,0.2209812041055309,0.8413359166579473],
# [0.5420179878599679,0.21586793977235394,-0.041339461416615014,0.28345353378429317],
# [0.542017987859968,-0.041339461416614966,0.21586793977235397,0.2834535337842929],
# [0.21586793977235394,0.5420179878599679,-0.041339461416615014,0.2834535337842932],
# [0.21586793977235402,-0.04133946141661498,0.542017987859968,0.283453533784293],
# [-0.041339461416614966,0.542017987859968,0.21586793977235397,0.2834535337842929],
# [-0.04133946141661498,0.21586793977235402,0.542017987859968,0.28345353378429294],
# ])
#
#   _self.dphiJdxi = np.array([
# [1.4603350891867763,0.46033508918677646,-0.5396649108132235,-1.3810052675603293],
# [1.0,0.0,-1.0,0.0],
# [0.5396649108132237,-0.46033508918677635,-1.4603350891867763,1.381005267560329],
# [1.5656959109547177,0.5656959109547177,-0.4343040890452823,-1.6970877328641532],
# [0.999999999999996,-3.9968028886505635e-15,-1.000000000000004,1.199040866595169e-14],
# [0.43430408904527806,-0.5656959109547219,-1.565695910954722,1.697087732864166],
# [2.6294177279062403,1.62941772790624,0.6294177279062401,-4.88825318371872],
# [1.1559993450625485,0.1559993450625485,-0.8440006549374515,-0.4679980351876455],
# [2.4734183828436915,1.4734183828436915,0.47341838284369153,-4.420255148531075],
# [0.8440006549374516,-0.15599934506254845,-1.1559993450625485,0.4679980351876453],
# [-0.47341838284369153,-1.4734183828436915,-2.4734183828436915,4.420255148531075],
# [-0.6294177279062401,-1.62941772790624,-2.6294177279062403,4.88825318371872],
# ])
#
#   _self.dphiJdeta = np.array([
# [3.7470027081099033e-16,1.0000000000000004,-0.9999999999999997,-1.124100812432971e-15],
# [0.46033508918677646,1.4603350891867763,-0.5396649108132235,-1.3810052675603293],
# [-0.46033508918677635,0.5396649108132237,-1.4603350891867763,1.381005267560329],
# [-4.246603069191224e-15,0.9999999999999958,-1.0000000000000042,1.2739809207573671e-14],
# [0.5656959109547178,1.5656959109547177,-0.43430408904528217,-1.6970877328641536],
# [-0.5656959109547218,0.4343040890452782,-1.5656959109547217,1.6970877328641656],
# [1.4734183828436915,2.4734183828436915,0.47341838284369153,-4.420255148531075],
# [-1.4734183828436915,-0.47341838284369153,-2.4734183828436915,4.420255148531075],
# [1.62941772790624,2.6294177279062403,0.6294177279062401,-4.88825318371872],
# [-1.62941772790624,-0.6294177279062401,-2.6294177279062403,4.88825318371872],
# [0.15599934506254848,1.1559993450625485,-0.8440006549374515,-0.46799803518764543],
# [-0.15599934506254848,0.8440006549374515,-1.1559993450625485,0.46799803518764543],
# ])
#--------------------------------------------------

 def tri6(_self):
  _self.tri3()

  _self.phiJ = np.array([
[-0.124998982535, -0.124998982535, 0.001430579518, 0.248575525272, 0.499995930140, 0.499995930140 ],
[-0.124998982535, 0.001430579518, -0.124998982535, 0.499995930140, 0.499995930140, 0.248575525272 ],
[0.001430579518, -0.124998982535, -0.124998982535, 0.499995930140, 0.248575525272, 0.499995930140 ],
[-0.055128566992, -0.055128566992, 0.653307703047, 0.015920894998, 0.220514267970, 0.220514267970 ],
[-0.055128566992, 0.653307703047, -0.055128566992, 0.220514267970, 0.220514267970, 0.015920894998 ],
[0.653307703047, -0.055128566992, -0.055128566992, 0.220514267970, 0.015920894998, 0.220514267970 ],
[-0.117715163308, 0.173768363654, -0.047496257199, 0.790160442766, 0.135307828169, 0.065974785919 ],
[0.173768363654, -0.047496257199, -0.117715163308, 0.135307828169, 0.065974785919, 0.790160442766 ],
[-0.047496257199, -0.117715163308, 0.173768363654, 0.065974785919, 0.790160442766, 0.135307828169 ],
[0.173768363654, -0.117715163308, -0.047496257199, 0.790160442766, 0.065974785919, 0.135307828169 ],
[-0.117715163308, -0.047496257199, 0.173768363654, 0.065974785919, 0.135307828169, 0.790160442766 ],
[-0.047496257199, 0.173768363654, -0.117715163308, 0.135307828169, 0.790160442766, 0.065974785919 ] ])



  _self.dphiJdxi = [
[-0.002853019316, 0.000000000000, -1.005706038632, 0.997146980684, -0.997146980684, 1.008559057948 ],
[-0.002853019316, 0.000000000000, 0.002853019316, 2.005706038632, -2.005706038632, 0.000000000000  ],
[1.005706038632, 0.000000000000, 0.002853019316, 0.997146980684,  -0.997146980684, -1.008559057948 ],
[-0.747643942034, 0.000000000000, -2.495287884068, 0.252356057966, -0.252356057966, 3.242931826102 ],
[-0.747643942034, 0.000000000000, 0.747643942034, 3.495287884068,  -3.495287884068, -0.000000000000],
[2.495287884068, 0.000000000000, 0.747643942034, 0.252356057966, -0.252356057966, -3.242931826102  ],
[0.241409804136, 0.000000000000, 0.787419800620, 2.546009996484, -2.546009996484, -1.028829604756  ],
[1.546009996484, 0.000000000000, -0.241409804137, 0.212580199379, -0.212580199379, -1.304600192347 ],
[-0.787419800621, 0.000000000000, -1.546009996485, 1.241409804136, -1.241409804136, 2.333429797106 ],
[1.546009996484, 0.000000000000, 0.787419800620, 1.241409804136, -1.241409804136, -2.333429797104  ],
[0.241409804136, 0.000000000000, -1.546009996485, 0.212580199379, -0.212580199379, 1.304600192349  ],
[-0.787419800621, 0.000000000000, -0.241409804137, 2.546009996484, -2.546009996484, 1.028829604758 ] ]


  _self.dphiJdeta = [
[0.000000000000, -0.002853019316, -1.005706038632, 0.997146980684, 1.008559057948, -0.997146980684 ],
[0.000000000000, 1.005706038632, 0.002853019316, 0.997146980684, -1.008559057948, -0.997146980684  ],
[0.000000000000, -0.002853019316, 0.002853019316, 2.005706038632, -0.000000000000, -2.005706038632 ],
[0.000000000000, -0.747643942034, -2.495287884068, 0.252356057966, 3.242931826102, -0.252356057966 ],
[0.000000000000, 2.495287884068, 0.747643942034, 0.252356057966, -3.242931826102, -0.252356057966  ],
[0.000000000000, -0.747643942034, 0.747643942034, 3.495287884068, -0.000000000000, -3.495287884068 ],
[0.000000000000, 1.546009996484, 0.787419800620, 1.241409804136, -2.333429797104, -1.241409804136  ],
[0.000000000000, -0.787419800621, -0.241409804137, 2.546009996484, 1.028829604758, -2.546009996484 ],
[0.000000000000, 0.241409804136, -1.546009996485, 0.212580199379, 1.304600192349, -0.212580199379  ],
[0.000000000000, 0.241409804136, 0.787419800620, 2.546009996484, -1.028829604756, -2.546009996484  ],
[0.000000000000, -0.787419800621, -1.546009996485, 1.241409804136, 2.333429797106, -1.241409804136 ],
[0.000000000000, 1.546009996484, -0.241409804137, 0.212580199379, -1.304600192347, -0.212580199379 ] ]


 def tri7(_self):
  _self.tri3()

  _self.phiJ = np.array([
[-0.031517214017514, -0.031517214017514, 0.094912348035192, -0.125351548798530, 0.126068856070057, 0.126068856070057, 0.841335916658253 ],
[-0.031517214017514, 0.094912348035192, -0.031517214017514, 0.126068856070057, 0.126068856070057, -0.125351548798530, 0.841335916658253 ],
[0.094912348035192, -0.031517214017514, -0.031517214017514, 0.126068856070057, -0.125351548798530, 0.126068856070057, 0.841335916658253 ],
